RMSE: 4.002069975878795
R-squared: 0.5681527922239785
List Root Mean Squared Error: [5.5583830802948055, 0.03285416013444996, 0.3791950518598043, 0.287716635355082, 3.777258336604331, 0.2954391630791171, 0.2700644178329639, 33.879764750184215, 30.456642771560393, 3.924012695959516, 1.4813984944799616, 1.0281411676622088, 1.0701952127274044, 0.0017888332906523107, 0.29134138120063574, 0.41821946412784405, 1.1486382003085462, 0.6351596903308715, 0.5953000386106896, 0.6161149638368614, 0.5957146421653384, 2.8403203565768065, 2.4639459370298127]
List R2: [-0.29590280566001015, -0.3765741609282316, 0.711878568331952, 0.7105703968771502, -0.1678075033604136, -0.5018949004548854, 0.16408816017326722, 0.7957274622977041, 0.7733737470825836, 0.44504033439659363, 0.7052672429209329, 0.8524562484958507, 0.8195823428925867, 0.6084306122510116, 0.9565711733160651, 0.9290081216506372, 0.9405515613836435, 0.8295341218063277, 0.851037426498807, 0.8366808353266542, 0.8447473810756575, 0.7737878388753928, 0.8613600159022288]
Datetime: 20251116