RMSE: 1.4702323134546968
R-squared: 0.7976809702621325
List Root Mean Squared Error: [2.819054951904998, 0.02172503690160867, 0.1618626694537565, 0.12235002356248488, 2.5496348775539444, 0.13367477236110545, 0.09678410676103942, 10.978692754404047, 7.8466236058703025, 2.3292944998591416, 0.9919230679214098, 0.3312093907212456, 0.44693344851792977, 0.000620646825468864, 0.08330974950891173, 0.14912023718489376, 0.29255184450933414, 0.19369364956261204, 0.16444391835640304, 0.16918431215971377, 0.1778646377151348, 2.0178178487102794, 1.7369731591322604]
List R2: [0.37978082428549065, 0.3339627416214457, 0.8619193784112488, 0.9015635076284728, 0.49227680730065637, 0.5648156382401127, 0.8248087041884954, 0.9614304679848495, 0.9717800423210983, 0.18959372258157492, 0.6829230544012637, 0.9762331197665768, 0.9459302179736311, 0.9513574583687205, 0.995742567691176, 0.9903129532908066, 0.9924871024116295, 0.9729855167012892, 0.9813830817931922, 0.9794419973117131, 0.9770692355478978, 0.740487988444196, 0.6783761877635075]
Datetime: 20251114