RMSE: 1.943919881311252
R-squared: 0.76346606156312
List Root Mean Squared Error: [1.742583671055118, 0.031795287073651896, 0.10008367287050782, 0.03845072587686818, 0.43849275140063343, 0.10093053352861997, 0.1021392833471072, 10.10248054111661, 13.063079062210916, 9.09101597523199, 8.34496209274162, 0.03592108213593351, 0.2633908739861961, 0.007854889888257536, 0.07830243860598385, 0.15049961885398702, 0.02085759276501909, 0.16210401551792325, 0.1617569710041482, 0.15877538695381238, 0.15574332521222076, 0.12271445943403625, 0.23622301934763834]
List R2: [0.9004793326812028, 0.7345312810481639, 0.8274058782429662, 0.9217973602636782, 0.8195761095959259, 0.862500739169495, 0.8601608718067317, 0.8557254554278558, 0.7185071307705921, -0.040721070791716496, -0.020839212641749816, 0.996817513776654, 0.8236063506820612, 0.8807401993950343, 0.7556547742953379, 0.8353714343086236, 0.9964358859409637, 0.7301323040087722, 0.7273320673508673, 0.7333679752830298, 0.7162858767975653, 0.9779966723794903, 0.9468544861602172]
Datetime: 20251030