RMSE: 2.807895160166567
R-squared: 0.8740980185827675
List Root Mean Squared Error: [2.3749035010970587, 0.038859897168822884, 0.1465944302062711, 0.09794036863705412, 1.2005813392159699, 0.1574015843364832, 0.1580692044922651, 15.287987975135138, 17.28339405594173, 12.551278649186324, 12.333865557030686, 0.19294112055061288, 0.3463399195846105, 0.008239123074755633, 0.10193356533842475, 0.1569494838856272, 0.12055475161524735, 0.2022942878879154, 0.20158015740779026, 0.197634767278486, 0.1918379159185726, 0.6719431959393642, 0.558463832901835]
List R2: [0.8465077841696913, 0.521309039473073, 0.868517447939862, 0.9727897923493884, 0.8719486709300888, 0.8023681852982255, 0.818214112182356, 0.9375948873440566, 0.919703268936256, 0.7454474998335251, 0.7113984259510466, 0.991813917321254, 0.9610773672768531, 0.6934765917055001, 0.997936146604096, 0.9926769585364232, 0.9992648504285323, 0.8636181627493824, 0.8646950279140091, 0.867217108542846, 0.8719535044457587, 0.9975957389152916, 0.9871299385561382]
Datetime: 20251112