RMSE: 0.004682158152153491
R-squared: 0.9830535233381418
Datetime: 20241215