RMSE: 5.7057940448922135
R-squared: 0.7921553973981219
List Root Mean Squared Error: [5.555920888622353, 0.049487184812693714, 0.6655765436604756, 0.30083195723013184, 2.6332577999149676, 0.19253678798837756, 0.19247270069525305, 35.94852510121306, 30.817938075505687, 22.501341010221456, 22.55105285409354, 0.6233799342210287, 0.6884030988292394, 0.5886045061016786, 0.25146763217761525, 0.4057878049395814, 0.7656614180284735, 0.3130958669573938, 0.30625798718523745, 0.299944695400809, 0.2842540978788479, 2.576410611290445, 2.721054475552595]
List R2: [0.47686539977639253, 0.4198230239029993, 0.7345433267685096, 0.7266483294830162, 0.6003881404155802, 0.791338692837537, 0.7723226479967391, 0.8956894803604243, 0.8452310404034543, 0.37761068723409763, 0.5607980583824387, 0.9782532269052446, 0.9658373610162657, 0.7528190862090754, 0.9972318173215181, 0.9917362767766897, 0.9744915299515124, 0.9135973912764295, 0.9057401478823843, 0.9042644990235892, 0.9135313931039739, 0.8002267403125825, 0.9205858428163517]
Datetime: 20250303