RMSE: 9.077310702843105
R-squared: 0.610731726559075
Datetime: 20250919