RMSE: 1.2404546629540159
R-squared: 0.9838663504528274
List Root Mean Squared Error: [2.304193308308854, 0.17671601759917732]
List R2: [0.983493098012371, 0.9842396028932839]
Datetime: 20250102