RMSE: 0.39617557516481994
R-squared: 0.8837059196539214
List Root Mean Squared Error: [0.12696436873757241, 0.5783655018976223, 0.3695144291426642, 0.37794217278130365, 0.5166764251528466, 0.34882456046221333, 0.6298700181566884, 0.41432599760370276, 0.2030967025487658]
List R2: [0.8561050539831149, 0.9820837224432422, 0.983080652094455, 0.9467896842296124, 0.5306711324289441, 0.9516379918956601, 0.8884401400828199, 0.8958920663572906, 0.9186528333701541]
Datetime: 20241220